# eV  extincL [um]   chi0R       chi0I          interplanar d[nm]
5000	2.112810045	-5.87586E-05	-2.44787E-07	1.261061E-01
6000	2.54974678	-4.07312E-05	-1.15298E-07	1.261061E-01
7000	2.985964958	-2.98889E-05	-6.07838E-08	1.261061E-01
8000	3.421477008	-2.28646E-05	-3.48325E-08	1.261061E-01
9000	3.856438202	-1.80550E-05	-2.12726E-08	1.261061E-01
10000	4.290973347	-1.46179E-05	-1.36335E-08	1.261061E-01
11000	4.725201449	-1.20767E-05	-9.11163E-09	1.261061E-01
12000	5.15917041	-1.01450E-05	-6.30420E-09	1.261061E-01
13000	5.592923984	-8.64241E-06	-4.49070E-09	1.261061E-01
16000 6.893213958 -5.70280E-06	-1.85968E-09	1.261061E-01

